397.118
399.338
401.558
403.778
405.998
408.218
410.438
412.658
414.878
417.098
419.318
421.538
423.758
425.978
428.198
430.418
432.638
434.858
437.078
439.298
441.518
443.738
445.958
448.178
450.398
452.618
454.838
457.058
459.278
461.498
463.718
465.938
468.158
470.378
472.598
474.818
477.038
479.258
481.478
483.698
485.918
488.138
490.358
492.578
494.798
497.018
499.238
501.458
503.678
505.898
508.118
510.338
512.558
514.778
516.998
519.218
521.438
523.658
525.878
528.098
530.318
532.538
534.758
536.978
539.198
541.418
543.638
545.858
548.078
550.298
552.518
554.738
556.958
559.178
561.398
563.618
565.838
568.058
570.278
572.498
574.718
576.938
579.158
581.378
583.598
585.818
588.038
590.258
592.478
594.698
596.918
599.138
601.358
603.578
605.798
608.018
610.238
612.458
614.678
616.898
619.118
621.338
623.558
625.778
627.998
630.218
632.438
634.658
636.878
639.098
641.318
643.538
645.758
647.978
650.198
652.418
654.638
656.858
659.078
661.298
663.518
665.738
667.958
670.178
672.398
674.618
676.838
679.058
681.278
683.498
685.718
687.938
690.158
692.378
694.598
696.818
699.038
701.258
703.478
705.698
707.918
710.138
712.358
714.578
716.798
719.018
721.238
723.458
725.678
727.898
730.118
732.338
734.558
736.778
738.998
741.218
743.438
745.658
747.878
750.098
752.318
754.538
756.758
758.978
761.198
763.418
765.638
767.858
770.078
772.298
774.518
776.738
778.958
781.178
783.398
785.618
787.838
790.058
792.278
794.498
796.718
798.938
801.158
803.378
805.598
807.818
810.038
812.258
814.478
816.698
818.918
821.138
823.358
825.578
827.798
830.018
832.238
834.458
836.678
838.898
841.118
843.338
845.558
847.778
849.998
852.218
854.438
856.658
858.878
861.098
863.318
865.538
867.758
869.978
872.198
874.418
876.638
878.858
881.078
883.298
885.518
887.738
889.958
892.178
894.398
896.618
898.838
901.058
903.278
905.498
907.718
909.938
912.158
914.378
916.598
918.818
921.038
923.258
925.478
927.698
929.918
932.138
934.358
936.578
938.798
941.018
943.238
945.458
947.678
949.898
952.118
954.338
956.558
958.778
960.998
963.218
965.438
967.658
969.878
972.098
974.318
976.538
978.758
980.978
983.198
985.418
987.638
989.858
992.078
994.298
996.518
998.738
